28882005
28882004
28882003
28882002
28882001
28882000
28881999
28881998
28881997
28881996
28881995
28881994
28881993
28881992
28881991
28881990
28881989
28881988
28881987
28881986
28881985
28881984
28881983
28881982
28881981
28881980
28881979
28881978
28881977
28881976
28881975
28881974
28881973
28881972
28881971
28881970
28881969
28881968
28881967
28881966
28881965
28881964
28881963
28881962
28881961
28881960
28881959
28605508
28605497
28605489
28369339
28369270
28369225
28369214
28369201
28369191
28369168
28334409
28334396
28334395
28334366
28334360
28334344
28334343
28334342
28334340
28334338
28334301
28334295
28334291
28334267
28334257
28334241
28334237
28334224
28334222
28334219
28334208
28334199
28334194
28334186
28334108
28334086
28203713
